U.F.   DEPTO.   PROPIETARIO                              S.ANTERIOR    PAGOS       BONIFIC.    DEUDA    INTERESES   PORC. A    GASTOS A    GASTOS B    GASTOS C    CUOTA EXT    PARTIC.   REDON    TOTAL
0001     706     BORELLO NATALIA                         416250,01   -333000,01   -83250,00        0,00                0,26%   426323,78    17346,92        0,00                           0,31   443671,01
0002     704     RUGGIERI JUAN P...                       530057,02   -424046,02  -106011,00        0,00                0,34%   542884,22    22089,71        0,00                           0,09   564974,02
0003     702     JASTREB LUIS                             481728,03   -385382,03   -96346,00        0,00                0,30%   493385,95    20075,65        0,00                          -0,57   513461,03
0004     701     BRUNNER CHRISTIAN                        391307,04   -313046,04   -78261,00        0,00                0,25%   400776,29    16307,40        0,00                           0,35   417084,04
0005     703     BARREIRO CECILIA                         511349,05   -409079,05  -102270,00        0,00                0,32%   523723,60    21310,07        0,00                          -0,62   545033,05
0006     705     RANCANO GABRIELA                         416251,06   -333001,06   -83250,00        0,00                0,26%   426323,78    17346,92        0,00                           0,36   443671,06
0007     808     AELGAS SA                                400661,07   -320529,07   -80132,00        0,00                0,25%   410356,60    16697,22        0,00                          -0,75   427053,07
0008     806     GOTTER MARIA CE...                       530053,08   -424050,00  -106011,00       -7,92                0,34%   542884,22    22089,71        0,00                           0,07   564966,08
0009     804     TOPOL NANCY                              316475,09   -253180,09   -63295,00        0,00                0,20%   324133,81    13188,86        0,00                           0,42   337323,09
0010     802     BATTALLENI ENRIQUE                       381953,10   -305562,10   -76391,00        0,00                0,24%   391195,98    15917,59        0,00                          -0,47   407113,10
0011     801     DONATO ANTONIA                           381952,11   -305561,11   -76391,00        0,00                0,24%   391195,98    15917,59        0,00                           0,54   407114,11
0012     803     TURINA MARICEL                           299326,12   -239461,12   -59865,00        0,00                0,19%   306569,91    12474,19        0,00                           0,02   319044,12
0013     805     BACIGALUPO SOFIA                         531616,13   -425293,13  -106323,00        0,00                0,34%   544480,94    22154,68        0,00                          -0,49   566635,13
0014     807     GIL, MARÍA GABRIELA                      399102,14   -319282,14   -79820,00        0,00                0,25%   408759,88    16632,25        0,00                           0,01   425392,14
0015     906     ACOSTA ROGELIO                           416251,15   -333001,15   -83250,00        0,00                0,26%   426323,78    17346,92        0,00                          -0,55   443670,15
0016     904     IRIBARNE CARLOS                          528498,16         0,00               528498,16   15854,94     0,33%   541287,50    22024,74        0,00                          -0,18  1107665,16
0017     902     AMERICA PAVILIO...                       328444,17   -246753,17   -81691,00        0,00                0,26%   418340,19    17022,07        0,00                          -0,09   435362,17
0018     901     KETTERING SA                             408456,18   -326000,00   -81691,00      765,18                0,26%   418340,19    17022,07        0,00                          -0,26   436127,18
0019     903     PALMIER LUIS RODOL                       528498,19   -422798,19  -105700,00        0,00                0,33%   541287,50    22024,74        0,00                          -0,05   563312,19
0020     905     MAGNASCO RODOLF...                       416251,20   -333001,20   -83250,00        0,00                0,26%   426323,78    17346,92        0,00                          -0,50   443670,20
0021    1008     PUEBLO NUEVO SRL                         416250,21   -333000,21   -83250,00        0,00                0,26%   426323,78    17346,92        0,00                           0,51   443671,21
0022    1006     MOYANO CARLOS                            547206,22   -437765,22  -109441,00        0,00                0,35%   560448,12    22804,38        0,00                          -0,28   583252,22
0023    1004     D ANDRE MARIA M...                      5174584,23         0,00              5174584,23  128122,70     0,20%   322537,09    13123,89        0,00                          -0,68  5638367,23
0024    1002     GALLEGO SOLEDAD                          732553,24         0,00               732553,24   21655,26     0,23%   373632,08    15202,92        0,00                          -0,26  1143043,24
0025    1001     FERNANDEZ ADRIANA                        381953,25         0,00               381953,25   11458,60     0,24%   391195,98    15917,59        0,00                          -0,17   800525,25
0026    1003     MANCINI ADRIANA                          316475,26   -253180,26   -63295,00        0,00                0,20%   324133,81    13188,86        0,00                           0,59   337323,26
0027    1005     CROUZEL MARTA JOSE                       530057,27   -424046,27  -106011,00        0,00                0,34%   542884,22    22089,71        0,00                          -0,66   564973,27
0028    1007     BONA RAMIRO                              416250,28   -333000,28   -83250,00        0,00                0,26%   426323,78    17346,92        0,00                           0,58   443671,28
0029    1106     SALGADO MARIA ESTHER                     439670,29   -351119,29   -88551,00        0,00                0,28%   453467,99    18451,41        0,00                          -0,11   471919,29
0030    1102     DI LASCIO MATIAS                         464579,30   -371663,30   -92916,00        0,00                0,29%   475822,05    19360,98        0,00                           0,27   495183,30
0031    1104     BLANCO ALBERTO                           375716,31   -300573,31   -75143,00        0,00                0,24%   384809,11    15657,71        0,00                           0,49   400467,31
0032    1103     MARTINOTTI DIEGO F                       374158,32   -299326,32   -74832,00        0,00                0,24%   383212,39    15592,74        0,00                           0,19   398805,32
0033    1101     MONTI SILVIA (J...                       447430,33   -447430,33   -89486,00   -89486,00                0,28%   458258,15    18646,32        0,00                          -0,14   387418,33
0034    1105     MARTINEZ ALFREDO A                       453666,34   -363000,00   -90733,00      -66,66                0,29%   464645,02    18906,19        0,00                           0,79   483485,34
0035     105     PLOHN MARTIN Y ...                       456784,35   -365427,35   -91357,00        0,00                0,29%   467838,46    19036,13        0,00                          -0,24   486874,35
0036     101     RUHSTALLER CECILIA                       464579,36   -371663,36   -92916,00        0,00                0,29%   475822,05    19360,98        0,00                           0,33   495183,36
0037     103     STRADA MARIA                             391307,37         0,00               391307,37   11739,22     0,25%   400776,29    16307,40        0,00                           0,09   820130,37
0038     104     GHERGOROVICH AL...                       392866,38   -307827,38   -78573,00     6466,00                0,25%   402373,01    16372,37        0,00                                  425211,38
0039     102     MUSSO ROBERTO A...                       464579,39   -372000,00   -92916,00     -336,61                0,29%   475822,05    19360,98        0,00                          -0,03   494846,39
0040     106     SCHINDLER CLAUD...                       459901,40         0,00               459901,40   13797,04     0,29%   471031,90    19166,07        0,00                           0,99   963897,40
0041     208     BOSCH JUAN MANUEL                        416251,41   -333001,41   -83250,00        0,00                0,26%   426323,78    17346,92        0,00                          -0,29   443670,41
0042     206     ORIBE MARIA FLO...                       547206,42   -437765,42  -109441,00        0,00                0,35%   560448,12    22804,38        0,00                          -0,08   583252,42
0043     204     PRESAS SERGIO D...                       316475,43   -253180,43   -63295,00        0,00                0,20%   324133,81    13188,86        0,00                          -0,24   337322,43
0044     202     COTO VIVIANA PAULA                       381953,44   -305562,44   -76391,00        0,00                0,24%   391195,98    15917,59        0,00                          -0,13   407113,44
0045     201     ICETA MARIA CEC...                       375716,45   -300573,45   -75143,00        0,00                0,24%   384809,11    15657,71        0,00                           0,63   400467,45
0046     203     IGLESIAS JUAN C...                       316475,46   -253180,46   -63295,00        0,00                0,20%   324133,81    13188,86        0,00                          -0,21   337322,46
0047     205     DAURAT ANA MARIA                         530056,47   -424045,47  -106011,00        0,00                0,34%   542884,22    22089,71        0,00                           0,54   564974,47
Procesado por sistemas de WWW.IDATA.AR
Mis Expensas | Gobierno de la Ciudad | www.buenosaires.gob.ar 11
CODIGO INTERNO: 578-1-0055
U.F.   DEPTO.   PROPIETARIO                              S.ANTERIOR    PAGOS       BONIFIC.    DEUDA    INTERESES   PORC. A    GASTOS A    GASTOS B    GASTOS C    CUOTA EXT    PARTIC.   REDON    TOTAL
0048     207     FERRERO CARLOS ...                       416250,48   -333000,48   -83250,00        0,00                0,26%   426323,78    17346,92        0,00                           0,78   443671,48
0049     306     ROSATI MA                                400660,49   -320528,49   -80132,00        0,00                0,25%   410356,60    16697,22        0,00                          -0,33   427053,49
0050     304     ARBIZU GERMAN R...                       424971,50   -319271,50  -105700,00        0,00                0,33%   541287,50    22024,74        0,00                           0,26   563312,50
0051     302     BLANCO SILVIA                            406896,51         0,00               406896,51   12206,90     0,26%   416743,47    16957,10        0,00                           0,53   852804,51
0052     301     MOONS MARIA SOL                          414691,52   -331753,52   -82938,00        0,00                0,26%   424727,07    17281,95        0,00                          -0,50   442008,52
0053     303     SUELDO JORGE EDUAR                      1061654,53   -955954,53  -105700,00        0,00                0,33%   541287,50    22024,74        0,00                           0,29   563312,53
0054     305     AGAZZI ADRIAN                            836170,54   -740689,08   -83250,00    12231,46                0,26%   426323,78    17346,92        0,00               -12231,46  -0,16   443670,54
0055     408     RODRIGUEZ FALCO...                       399102,55   -319282,55   -79820,00        0,00                0,25%   408759,88    16632,25        0,00                          -0,58   425391,55
0056     406     DI LASCIO MATIAS                         547205,56   -437764,56  -109441,00        0,00                0,35%   560448,12    22804,38        0,00                           0,06   583252,56
0057     404     CAMBON NILDA BE...                       299325,57   -239460,57   -59865,00        0,00                0,19%   306569,91    12474,19        0,00                           0,47   319044,57
0058     402     RIVANERA GUILLERMO                       364803,58         0,00               364803,58   10944,11     0,23%   373632,08    15202,92        0,00                           0,89   764583,58
0059     401     ARIZAGA CARLOS ...                       366362,59   -293089,59   -73273,00        0,00                0,23%   375228,80    15267,89        0,00                          -0,10   390496,59
0060     403     STROBELT ENRIQUE                         300885,60   -241000,00   -60177,00     -291,40                0,19%   308166,63    12539,16        0,00                           0,21   320414,60
0061     405     CHANA LUIS IGNACIO                       547205,61   -437764,61  -109441,00        0,00                0,35%   560448,12    22804,38        0,00                           0,11   583252,61
0062     407     SANZERI ANTONIO                          399101,62   -319281,62   -79820,00        0,00                0,25%   408759,88    16632,25        0,00                           0,49   425392,62
0063     506     PASCAL, MARCELA / KEARNEY, RENATA        416250,63   -333000,63   -83250,00        0,00                0,26%   426323,78    17346,92        0,00                          -0,07   443670,63
0064     504     DADAMO GUILLERMO D                       545646,64   -436517,64  -109129,00        0,00                0,35%   558851,40    22739,41        0,00                          -0,17   581590,64
0065     502     GARCIA COSCIA VICT                       425604,65   -340483,65   -85121,00        0,00                0,27%   435904,09    17736,74        0,00                           0,82   453641,65
0066     501     BELINQUE, JULIAN JAVIER                  408455,66   -326764,66   -81691,00        0,00                0,26%   418340,19    17022,07        0,00                          -0,60   435361,66
0067     503     RIVANERA GUILLERMO                       530056,67   -424045,67  -106011,00        0,00                0,34%   542884,22    22089,71        0,00                           0,74   564974,67
0068     505     MENNA ALEJANDRA LE                       400659,68   -320527,68   -80132,00        0,00                0,25%   410356,60    16697,22        0,00                           0,86   427054,68
0069     604     GUSTAVO RODRIGO MARTINEZ                 397542,69   -318033,69   -79509,00        0,00                0,25%   407163,16    16567,28        0,00                           0,25   423730,69
0070     602     NERVI NESTOR HE...                       444311,70   -355449,70   -88862,00        0,00                0,28%   455064,71    18516,38        0,00                           0,61   473581,70
0071     601     COLLIA ANDREA                            444311,71   -355499,71   -88862,00      -50,00                0,28%   455064,71    18516,38        0,00                           0,62   473531,71
0072     603     BUEZAS ASTRID                            397542,72   -318033,72   -79509,00        0,00                0,25%   407163,16    16567,28        0,00                           0,28   423730,72
0073     716     BONAFINA VIRGINIA                        377275,73   -301820,73   -75455,00        0,00                0,24%   386405,83    15722,68        0,00                           0,22   402128,73
0074     714     REYNARD SILVIA ...                       520703,74   -416562,74  -104141,00        0,00                0,33%   533303,91    21699,89        0,00                          -0,06   555003,74
0075     712     CODONY BOTEY FE...                       416250,75   -333000,75   -83250,00        0,00                0,26%   426323,78    17346,92        0,00                           0,05   443670,75
0076     711     ZAMBETTI GABRIELA                        398815,76   -318995,76   -79820,00        0,00                0,25%   408759,88    16632,25        0,00                           0,63   425392,76
0077     713     KESZLER RAUL AL...                       425638,77   -322121,77  -103517,00        0,00                0,33%   530110,47    21569,95        0,00                           0,35   551680,77
0078     715     GUARNA AGUSTIN ...                       377275,78   -301820,78   -75455,00        0,00                0,24%   386405,83    15722,68        0,00                           0,27   402128,78
0079     818     BERRINO DIEGO MART                       394424,79    -31539,79               362885,00   10886,55     0,25%   403969,73    16437,34        0,00                           0,17   794178,79
0080     816     MOONS LARA                               534733,80   -427787,00  -106946,80        0,00                0,34%   547674,37    22284,62        0,00                          -0,19   569958,80
0081     814     MARTINEZ ALFREDO                         308679,81   -246943,81   -61736,00        0,00                0,19%   316150,22    12864,01        0,00                          -0,42   329013,81
0082     812     RAIMONDO LILIANA                         428605,82   -342860,82   -85745,00        0,00                0,27%   439097,53    17866,68        0,00                          -0,39   456963,82
0083     811     REYNARD SILVIA                           411573,83   -329258,83   -82315,00        0,00                0,26%   421533,63    17152,01        0,00                          -0,81   438684,83
0084     813     NOYA MIGUEL ANGEL                        696864,84   -557490,84  -139374,00        0,00                0,44%   713733,08    29041,47        0,00                           0,29   742774,84
0085     815     RIAL MARIA ROSANA                        517584,85   -414067,85  -103517,00        0,00                0,33%   530110,47    21569,95        0,00                           0,43   551680,85
0086     817     MANZANARES MARIELA                       394424,86   -315539,86   -78885,00        0,00                0,25%   403969,73    16437,34        0,00                          -0,21   420406,86
0087     916     DIGILIO OSCAR                            394424,87   -315539,87   -78885,00        0,00                0,25%   403969,73    16437,34        0,00                          -0,20   420406,87
0088     914     GARCIA HECTOR                            516024,88   -412819,88  -103205,00        0,00                0,33%   528513,75    21504,98        0,00                           0,15   550018,88
0089     912     ILARRI RAMIRO E...                       416249,89   -332999,89   -83250,00        0,00                0,26%   426323,78    17346,92        0,00                           0,19   443670,89
0090     911     KOSACOFF VANESA                          416249,90   -332999,90   -83250,00        0,00                0,26%   426323,78    17346,92        0,00                           0,20   443670,90
0091     913     ZAVALA RAUL                              498877,91   -399102,91   -99775,00        0,00                0,32%   510949,85    20790,32        0,00                          -0,26   531739,91
0092     915     CALONICO CHRISTIAN                       395983,92   -316786,92   -79197,00        0,00                0,25%   405566,45    16502,31        0,00                          -0,84   422067,92
0093    1018     LANARDONNE AGUS...                       394424,93   -315539,93   -78885,00        0,00                0,25%   403969,73    16437,34        0,00                          -0,14   420406,93
0094    1016     LOFORTE LEILA                            522261,94   -418000,00  -104452,00     -190,06                0,33%   534900,63    21764,86        0,00                           0,51   556475,94
0095    1014     ESPINOSA BUSCHI...                       308680,95   -246994,95   -61736,00      -50,00                0,19%   316150,22    12864,01        0,00                          -0,28   328963,95
0096    1012     VERDU CLAUDIO                            394424,96   -315539,96   -78885,00        0,00                0,25%   403969,73    16437,34        0,00                          -0,11   420406,96
0097    1011     HARILAOS ALBERTO                         411572,97   -329258,00   -82314,97        0,00                0,26%   421533,63    17152,01        0,00                           0,33   438685,97
0098    1013     GABRIELLI LACAL...                       293089,98   -234471,98   -58618,00        0,00                0,18%   300183,04    12214,31        0,00                          -0,37   312396,98
0099    1015     RODRIGUEZ FERNANDO                       483286,99   -386629,99   -96657,00        0,00                0,31%   494982,67    20140,62        0,00                          -0,30   515122,99
Procesado por sistemas de WWW.IDATA.AR
Mis Expensas | Gobierno de la Ciudad | www.buenosaires.gob.ar 12
CODIGO INTERNO: 578-1-0055
U.F.   DEPTO.   PROPIETARIO                              S.ANTERIOR    PAGOS       BONIFIC.    DEUDA    INTERESES   PORC. A    GASTOS A    GASTOS B    GASTOS C    CUOTA EXT    PARTIC.   REDON    TOTAL
0100    1017     MARC MAYO AXEL                           394424,00   -315539,00   -78885,00        0,00                0,25%   403969,73    16437,34        0,00                          -0,07   420407,00
0101    1116     REZLER EVELINA                           448990,01   -359192,01   -89798,00        0,00                0,28%   459854,87    18711,29        0,00                          -0,15   478566,01
0102    1112     DUETEX SA                                442753,02   -354202,02   -88551,00        0,00                0,28%   453467,99    18451,41        0,00                           0,62   471920,02
0103    1114     STIGOL ELIANA                            394424,03   -315539,03   -78885,00        0,00                0,25%   403969,73    16437,34        0,00                           0,96   420408,03
0104    1113     CHAB ISAAC                               411574,04   -329259,04   -82315,00        0,00                0,26%   421533,63    17152,01        0,00                           0,40   438686,04
0105    1111     FASSIO SANTIAGO TOMAS                    442753,05   -354202,05   -88551,00        0,00                0,28%   453467,99    18451,41        0,00                          -0,35   471919,05
0106    1115     BAKAY VIVIANA RITA                       433400,06   -346720,06   -86680,00        0,00                0,27%   443887,68    18061,59        0,00                          -0,21   461949,06
0107     115     GARCIA CONEJO LILL                       433399,07         0,00               433399,07   13001,97     0,27%   443887,68    18061,59        0,00                          -0,24   908350,07
0108     111     RODRIGUEZ MARCELO                        460823,08   -370000,00   -92292,00    -1468,92                0,29%   472628,61    19231,04        0,00                          -0,65   490390,08
0109     113     HOURTEILLAN / RUIZ                       411574,09   -329259,09   -82315,00        0,00                0,26%   421533,63    17152,01        0,00                          -0,55   438685,09
0110     114     CHAB MARISA VICTOR                       411574,10   -330000,00   -82315,00     -740,90                0,26%   421533,63    17152,01        0,00                          -0,64   437944,10
0111     112     MAZZONCINI DE M...                       442671,11   -354120,11   -88551,00        0,00                0,28%   453467,99    18451,41        0,00                          -0,29   471919,11
0112     116     DEMONTIS ELSA                            448989,12   -359191,12   -89798,00        0,00                0,28%   459854,87    18711,29        0,00                          -0,04   478566,12
0113     218     TURIACE SERGIO                           417809,13         0,00               417809,13   12534,27     0,26%   427920,50    17411,89        0,00                           0,34   875676,13
0114     216     GILARDONI ADRIANA                        534734,14   -427787,14  -106947,00        0,00                0,34%   547674,37    22284,62        0,00                           0,15   569959,14
0115     214     HEBE GRACIELA                            310239,15   -248191,15   -62048,00        0,00                0,19%   317746,94    12928,98        0,00                           0,23   330676,15
0116     212     CRISTOFARO SALV...                       411574,16   -329259,16   -82315,00        0,00                0,26%   421533,63    17152,01        0,00                          -0,48   438685,16
0117     211     TASSARA CLAUDIA                          411573,17   -329258,17   -82315,00        0,00                0,26%   421533,63    17152,01        0,00                           0,53   438686,17
0118     213     GARCIA OLIVER M...                       310239,18   -248191,18   -62048,00        0,00                0,19%   317746,94    12928,98        0,00                           0,26   330676,18
0119     215     HENSCH A R REYNA                         517585,19   -414068,19  -103517,00        0,00                0,33%   530110,47    21569,95        0,00                          -0,23   551680,19
0120     217     TRAVESI, JESICA ALEJANDRA                377275,20   -301820,20   -75455,00        0,00                0,24%   386405,83    15722,68        0,00                           0,69   402129,20
0121     316     HIDALGO SANTIAGO                         792326,21   -713441,21   -78885,00        0,00                0,25%   403969,73    16437,34        0,00                          -0,86   420406,21
0122     314     AGOTE ARTURO ROMAN                       516026,22   -412821,22  -103205,00        0,00                0,33%   528513,75    21504,98        0,00                          -0,51   550018,22
0123     312     ROULET JORGE                             416250,23   -333000,23   -83250,00        0,00                0,26%   426323,78    17346,92        0,00                           0,53   443671,23
0124     311     CAPRIOTTI NORA                           416250,24   -333000,24   -83250,00        0,00                0,26%   426323,78    17346,92        0,00                           0,54   443671,24
0125     313     RUDKIW BOJKO                             540969,25   -432775,25  -108194,00        0,00                0,34%   554061,25    22544,50        0,00                           0,50   576606,25
0126     315     ALBERTINI SILVANO                        395984,26   -316787,26   -79197,00        0,00                0,25%   405566,45    16502,31        0,00                          -0,50   422068,26
0127     418     CARRIZO E /  GI...                       376313,27   -301000,00   -75455,00     -141,73                0,24%   386405,83    15722,68        0,00                           0,49   401987,27
0128     416     CAPELO LUCIANA                           517585,28   -414068,28  -103517,00        0,00                0,33%   530110,47    21569,95        0,00                          -0,14   551680,28
0129     414     MESSINA GABRIELA                         588764,29   -235000,00   -58618,00   295146,29                0,18%   300183,04    12214,31        0,00              -295146,29  -0,06   312397,29
0130     412     ALFAYA MARIA DO...                       411573,30   -329258,30   -82315,00        0,00                0,26%   421533,63    17152,01        0,00                           0,66   438686,30
0131     411     PRIETO MARIANA                           394424,31   -315539,31   -78885,00        0,00                0,25%   403969,73    16437,34        0,00                           0,24   420407,31
0132     413     GIULIODIBARI NORA                        310239,32   -248191,32   -62048,00        0,00                0,19%   317746,94    12928,98        0,00                           0,40   330676,32
0133     415     DELFICO PATRICIA M.                      540970,33   -432776,33  -108194,00        0,00                0,34%   554061,25    22544,50        0,00                          -0,42   576605,33
0134     417     BACINO PATRICIA                          394424,34   -315539,34   -78885,00        0,00                0,25%   403969,73    16437,34        0,00                           0,27   420407,34
0135     516     URSSINO, PABLO F. / SEOANE, M. CECILIA   383475,35   -383475,35                    0,00                0,25%   403969,73    16437,34        0,00                          -0,72   420406,35
0136     514     HERNANDEZ MARIA                          498876,36   -399101,36   -99775,00        0,00                0,32%   510949,85    20790,32        0,00                           0,19   531740,36
0137     512     ALBERTO PATRICIA                         416251,37   -333001,37   -83250,00        0,00                0,26%   426323,78    17346,92        0,00                          -0,33   443670,37
0138     511     OTERO IGNACIO                            414691,38   -331753,38   -82938,00        0,00                0,26%   424727,07    17281,95        0,00                           0,36   442009,38
0139     513     AYERSA REYNAL                            520703,39   -416563,00  -104140,39        0,00                0,33%   533303,91    21699,89        0,00                          -0,41   555003,39
0140     515     ANA VOOGD - FIDEL SOSA                   394424,40   -315539,40   -78885,00        0,00                0,25%   403969,73    16437,34        0,00                           0,33   420407,40
0141     614     DIAZ NATALIA J                           378834,41   -303067,41   -75767,00        0,00                0,24%   388002,54    15787,65        0,00                           0,22   403790,41
0142     612     SCHUTZE G. / LAURIA M.T.                 416250,42   -333001,00   -83249,42        0,00                0,26%   426323,78    17346,92        0,00                          -0,28   443670,42
0143     611     CANALE PATRICIA                          433399,43   -346719,43   -86680,00        0,00                0,27%   443887,68    18061,59        0,00                           0,16   461949,43
0144     613     RABOLLI ROXANA                           400661,44   -320529,44   -80132,00        0,00                0,25%   410356,60    16697,22        0,00                          -0,38   427053,44
0145     726     JUAREZ/NOGUEIRA                          394425,45   -315540,45   -78885,00        0,00                0,25%   403969,73    16437,34        0,00                          -0,62   420406,45
0146     724     ALVAREZ GIGANTI                          522262,46   -417811,00  -104451,46        0,00                0,33%   534900,63    21764,86        0,00                          -0,03   556665,46
0147     722     AMENDOLARA CARLOS                        416250,47   -333000,47   -83250,00        0,00                0,26%   426323,78    17346,92        0,00                           0,77   443671,47
0148     721     VALDEZ GABRIEL                           400661,48   -320529,48   -80132,00        0,00                0,25%   410356,60    16697,22        0,00                          -0,34   427053,48
0149     723     LOPEZ SUSANA                            1071049,49   -426000,00  -106635,00   538414,49                0,34%   546077,66    22219,65        0,00              -540108,00   0,69   566604,49
0150     725     COSTA GABRIEL                            394424,50   -315539,50   -78885,00        0,00                0,25%   403969,73    16437,34        0,00                           0,43   420407,50
0151     727     TARELLI ENRIQUE                          207346,51   -165877,51   -41469,00        0,00                0,13%   212363,53     8640,98        0,00                                  221004,51
Procesado por sistemas de WWW.IDATA.AR
Mis Expensas | Gobierno de la Ciudad | www.buenosaires.gob.ar 13
CODIGO INTERNO: 578-1-0055
U.F.   DEPTO.   PROPIETARIO                              S.ANTERIOR    PAGOS       BONIFIC.    DEUDA    INTERESES   PORC. A    GASTOS A    GASTOS B    GASTOS C    CUOTA EXT    PARTIC.   REDON    TOTAL
0152     828     MAROTTA NICOLAS                          406515,52   -326383,52   -80132,00        0,00                0,25%   410356,60    16697,22        0,00                          -0,30   427053,52
0153     826     GRIGERA MARIA E...                       569031,53   -456000,00  -113806,00     -774,47                0,36%   582802,18    23713,96        0,00                           0,86   605742,53
0154     824     BANDERA SERGIO                           310208,54   -249000,00   -62048,00     -839,46                0,19%   317746,94    12928,98        0,00                           0,08   329836,54
0155     822     RODRIGUEZ MARIA                          410014,55   -328011,55   -82003,00        0,00                0,26%   419936,91    17087,04        0,00                          -0,40   437023,55
0156     821     MAZAL ALEJANDRO                          410014,56   -328011,56   -82003,00        0,00                0,26%   419936,91    17087,04        0,00                           0,61   437024,56
0157     823     GARCIA TORRES JULI                       291530,57   -233224,57   -58306,00        0,00                0,18%   298586,32    12149,34        0,00                           0,91   310736,57
0158     825     MONTI LIDIA                              517584,58   -414067,58  -103517,00        0,00                0,33%   530110,47    21569,95        0,00                           0,16   551680,58
0159     827     PRODISMO SRL                            6440290,59  -6000000,00   -78885,00   361405,59                0,25%   403969,73    16437,34        0,00              -428377,59  -0,48   353434,59
0160     829     FERNANDEZ CARIDE                         207345,60   -165876,60   -41469,00        0,00                0,13%   212363,53     8640,98        0,00                           0,09   221004,60
0161     926     RAY IGNACIO                              394424,61   -315539,61   -78885,00        0,00                0,25%   403969,73    16437,34        0,00                           0,54   420407,61
0162     924     CARPINTIERI MARIA                        499537,62   -400000,00  -100087,00     -549,38                0,32%   512546,57    20855,29        0,00                           0,14   532852,62
0163     922     IRIBARNE CARLOS                          416250,63   -333000,63   -83250,00        0,00                0,26%   426323,78    17346,92        0,00                          -0,07   443670,63
0164     921     CASAL FLAVIO MA...                       416250,64   -333000,64   -83250,00        0,00                0,26%   426323,78    17346,92        0,00                          -0,06   443670,64
0165     923     ROJO GUILLERMO                           522261,65   -417810,00  -104451,65        0,00                0,33%   534900,63    21764,86        0,00                           0,16   556665,65
0166     925     GHERARDI MILAGROS                        400660,66   -320528,66   -80132,00        0,00                0,25%   410356,60    16697,22        0,00                          -0,16   427053,66
0167     927     GERLACH PAULA RADO                       207310,67   -165841,67   -41469,00        0,00                0,13%   212363,53     8640,98        0,00                           0,16   221004,67
0168    1028     TEDESCO ANA CEC...                       394424,68   -315539,68   -78885,00        0,00                0,25%   403969,73    16437,34        0,00                           0,61   420407,68
0169    1026     BOGGIANO GABRIEL                         523820,69   -419056,69  -104764,00        0,00                0,33%   536497,35    21829,83        0,00                           0,51   558327,69
0170    1024     SUIFFET CLAUDIA                          293089,70   -234471,70   -58618,00        0,00                0,18%   300183,04    12214,31        0,00                           0,35   312397,70
0171    1022     JOSWIG AXEL GUSTAV                       410014,71   -328011,71   -82003,00        0,00                0,26%   419936,91    17087,04        0,00                          -0,24   437023,71
0172    1021     OTERO BONANNO                            410014,72   -328011,72   -82003,00        0,00                0,26%   419936,91    17087,04        0,00                          -0,23   437023,72
0173    1023     ZADERECKI SUSANA                         291531,73   -233500,00   -58306,00     -274,27                0,18%   298586,32    12149,34        0,00                          -0,66   310460,73
0174    1025     MARSIGLIA PEDRO                          517584,74   -414067,74  -103517,00        0,00                0,33%   530110,47    21569,95        0,00                           0,32   551680,74
0175    1027     LOFORTE LELIA                            394424,75   -315500,00   -78885,00       39,75                0,25%   403969,73    16437,34        0,00                          -0,07   420446,75
0176    1029     LELOIR DULCE MARIA                       188638,76   -150910,76   -37728,00        0,00                0,12%   193202,91     7861,34        0,00                          -0,49   201063,76
0177    1126     VACCARINI, ADRIAN RICARDO                431840,77   -345472,77   -86368,00        0,00                0,27%   442290,97    17996,62        0,00                          -0,82   460286,77
0178    1122     ARANDA LUIS PEDRO                        442752,78   -354201,78   -88551,00        0,00                0,28%   453467,99    18451,41        0,00                           0,38   471919,78
0179    1124     NADLER MAXIMO                            826748,79   -329400,00   -82315,00   415033,79                0,26%   421533,63    17152,01        0,00              -415033,79   0,15   438685,79
0180    1123     DE INSUA CAROLA                          411573,80         0,00               411573,80   12347,21     0,26%   421533,63    17152,01        0,00                           0,15   862606,80
0181    1121     CURELLO LILIANA                          442753,81   -354202,81   -88551,00        0,00                0,28%   453467,99    18451,41        0,00                          -0,59   471918,81
0182    1125     TABARES MONICA ...                       433399,82   -346719,82   -86680,00        0,00                0,27%   443887,68    18061,59        0,00                           0,55   461949,82
0183     125     ROMANOS PABLO                            433399,83   -346719,83   -86680,00        0,00                0,27%   443887,68    18061,59        0,00                          -0,44   461948,83
0184     121     BLANCO FEDERICO...                       442753,84   -354202,84   -88551,00        0,00                0,28%   453467,99    18451,41        0,00                          -0,56   471918,84
0185     123     MARTIN JUAN PABLO                        411573,85   -329258,85   -82315,00        0,00                0,26%   421533,63    17152,01        0,00                          -0,79   438684,85
0186     124     VAN REES ANDREA                          394424,86   -315539,86   -78885,00        0,00                0,25%   403969,73    16437,34        0,00                          -0,21   420406,86
0187     122     MALDONADO HORTAL M                       442753,87   -354202,87   -88551,00        0,00                0,28%   453467,99    18451,41        0,00                          -0,53   471918,87
0188     126     SEGURA ANDREA M...                       431840,88   -345472,88   -86368,00        0,00                0,27%   442290,97    17996,62        0,00                          -0,71   460286,88
0189     228     MELLER TOMAS                             394424,89   -315539,89   -78885,00        0,00                0,25%   403969,73    16437,34        0,00                          -0,18   420406,89
0190     226     RANCAÑO MARIANA                          517584,90   -414067,90  -103517,00        0,00                0,33%   530110,47    21569,95        0,00                           0,48   551680,90
0191     224     GROTZ ANA LAURA                          291530,91   -232224,91   -58306,00     1000,00                0,18%   298586,32    12149,34        0,00                           0,25   311735,91
0192     222     HARILAOS EDUARDO                         410014,92   -328011,92   -82003,00        0,00                0,26%   419936,91    17087,04        0,00                          -0,03   437023,92
0193     221     VILALTELLA CARLOS                        410014,93   -328011,93   -82003,00        0,00                0,26%   419936,91    17087,04        0,00                          -0,02   437023,93
0194     223     VILLAMIL JOSEFINA                        308680,94   -246945,00   -61735,94        0,00                0,19%   316150,22    12864,01        0,00                          -0,29   329013,94
0195     225     CARIDE EZEQUIEL                          517584,95   -414067,95  -103517,00        0,00                0,33%   530110,47    21569,95        0,00                          -0,47   551679,95
0196     227     DIEZ JULIO ERNESTO                       395983,96   -316786,96   -79197,00        0,00                0,25%   405566,45    16502,31        0,00                          -0,80   422067,96
0197     229     SPINA L /  MARK...                       188637,97   -150910,00   -37727,97        0,00                0,12%   193202,91     7861,34        0,00                          -0,28   201063,97
0198     326     SACCO CAROLINA                           394424,98   -315539,98   -78885,00        0,00                0,25%   403969,73    16437,34        0,00                          -0,09   420406,98
0199     324     GRACEY CARLOS                            533174,99   -426540,00  -106634,99        0,00                0,34%   546077,66    22219,65        0,00                           0,68   568297,99
0200     322     BECERRA AGUSTIN                          416251,00   -333001,00   -83250,00        0,00                0,26%   426323,78    17346,92        0,00                          -0,70   443670,00
0201     321     SOLARI ANA MARIA                         416250,01   -333000,01   -83250,00        0,00                0,26%   426323,78    17346,92        0,00                           0,31   443671,01
0202     323     SORBO TOBIAS                             516026,02   -412821,02  -103205,00        0,00                0,33%   528513,75    21504,98        0,00                           0,29   550019,02
0203     325     LIMIDO MIRTA                             394762,03   -316000,00   -78885,00     -122,97                0,25%   403969,73    16437,34        0,00                          -0,07   420284,03
Procesado por sistemas de WWW.IDATA.AR
Mis Expensas | Gobierno de la Ciudad | www.buenosaires.gob.ar 14
CODIGO INTERNO: 578-1-0055
U.F.   DEPTO.   PROPIETARIO                              S.ANTERIOR    PAGOS       BONIFIC.    DEUDA    INTERESES   PORC. A    GASTOS A    GASTOS B    GASTOS C    CUOTA EXT    PARTIC.   REDON    TOTAL
0204     327     DIEZ MARIANO RUBEN                       188637,04   -150909,04   -37728,00        0,00                0,12%   193202,91     7861,34        0,00                           0,79   201065,04
0205     428     CARACCIOLO JORG...                       394424,05   -315539,05   -78885,00        0,00                0,25%   403969,73    16437,34        0,00                           0,98   420408,05
0206     426     RODRIGUEZ / MALBRANC                     517585,06   -414068,06  -103517,00        0,00                0,33%   530110,47    21569,95        0,00                          -0,36   551680,06
0207     424     KADERABEK ALEJANDR                       234425,07   -176119,07   -58306,00        0,00                0,18%   298586,32    12149,34        0,00                          -0,59   310735,07
0208     422     FRANCIOSA DI PI...                       836170,08   -333000,00   -83250,00   419920,08                0,26%   426323,78    17346,92        0,00              -419920,08   0,38   443671,08
0209     421     LOMBARDI JORGE EDU                       410015,09   -328012,09   -82003,00        0,00                0,26%   419936,91    17087,04        0,00                           0,14   437024,09
0210     423     BERMEJO GUILLERMO                        308680,10   -246944,10   -61736,00        0,00                0,19%   316150,22    12864,01        0,00                           0,87   329015,10
0211     425     CANCIO PABLO ED...                       517585,11   -414068,11  -103517,00        0,00                0,33%   530110,47    21569,95        0,00                          -0,31   551680,11
0212     427     CHIAVASSA FEDERICO                       377275,12   -301820,12   -75455,00        0,00                0,24%   386405,83    15722,68        0,00                           0,61   402129,12
0213     429     FRANCO SILVIA M...                       188638,13   -150910,13   -37728,00        0,00                0,12%   193202,91     7861,34        0,00                          -0,12   201064,13
0214     526     GONZALEZ IRIART...                       394424,14   -315539,14   -78885,00        0,00                0,25%   403969,73    16437,34        0,00                           0,07   420407,14
0215     524     LUENGO, CARLOS C. / GUARNA, CONCEPCION   516026,15   -412821,15  -103205,00        0,00                0,33%   528513,75    21504,98        0,00                           0,42   550019,15
0216     522     SARAVI PABLO                             433399,16   -346719,16   -86680,00        0,00                0,27%   443887,68    18061,59        0,00                          -0,11   461949,16
0217     521     BREUER CAROLINA                          416250,17   -333000,17   -83250,00        0,00                0,26%   426323,78    17346,92        0,00                           0,47   443671,17
0218     523     CATANAS ADELIA                           520703,18   -416562,18  -104141,00        0,00                0,33%   533303,91    21699,89        0,00                           0,38   555004,18
0219     525     LOPEZ CANO CODO...                       395984,19         0,00               395984,19   11879,53     0,25%   405566,45    16502,31        0,00                          -0,29   829932,19
0220     527     FERNANDEZ CARIDE                         188638,20   -150910,20   -37728,00        0,00                0,12%   193202,91     7861,34        0,00                          -0,05   201064,20
0221     624     HIGH PRESSUR & VP                        399102,21   -319282,21   -79820,00        0,00                0,25%   408759,88    16632,25        0,00                           0,08   425392,21
0222     622     NOVAS DIEGO HERNAN                       433399,22   -433399,22   -86680,00   -86680,00                0,27%   443887,68    18061,59        0,00                          -0,05   375269,22
0223     621     SOTO PAULA VANESA                        433399,23   -346719,23   -86680,00        0,00                0,27%   443887,68    18061,59        0,00                           0,96   461950,23
0224     623     ORZI LUCIANA                             381952,24         0,00               381952,24   11458,57     0,24%   391195,98    15917,59        0,00                           0,86   800525,24
0225     736     TERRANOVA, CARLOS HUMBERTO               410014,25   -328011,25   -82003,00        0,00                0,26%   419936,91    17087,04        0,00                           0,30   437024,25
0226     734     CARRERAS GABRIE...                       516026,26   -412821,26  -103205,00        0,00                0,33%   528513,75    21504,98        0,00                          -0,47   550018,26
0227     732     LEONI OLIVERA JOSE                       416250,27   -333000,27   -83250,00        0,00                0,26%   426323,78    17346,92        0,00                           0,57   443671,27
0228     731     GALVAN MARCOS                            433399,28   -346719,28   -86680,00        0,00                0,27%   443887,68    18061,59        0,00                           0,01   461949,28
0229     733     KORETZK                                  498877,29   -390894,00   -99775,00     8208,29                0,32%   510949,85    20790,32        0,00                          -0,17   539948,29
0230     735     LOVEGROVE GABRIELA                       394424,30   -315539,30   -78885,00        0,00                0,25%   403969,73    16437,34        0,00                           0,23   420407,30
0231     737     COLAFRANCESCO M...                       188637,31   -150909,31   -37728,00        0,00                0,12%   193202,91     7861,34        0,00                           0,06   201064,31
0232     838     CERVI CECILIA                            394424,32   -315540,00   -78884,32        0,00                0,25%   403969,73    16437,34        0,00                           0,25   420407,32
0233     836     BULGACH PABLO                            517584,33   -414067,33  -103517,00        0,00                0,33%   530110,47    21569,95        0,00                          -0,09   551680,33
0234     834     FOX RICARDO                              300545,34   -238810,00   -61735,34        0,00                0,19%   316150,22    12864,01        0,00                           0,11   329014,34
0235     832     HERNANDEZ MARIA...                       416250,35   -333000,35   -83250,00        0,00                0,26%   426323,78    17346,92        0,00                           0,65   443671,35
0236     831     TRILLO VON WOLF...                       410015,36   -328012,36   -82003,00        0,00                0,26%   419936,91    17087,04        0,00                          -0,59   437023,36
0237     833     CHIAVASSA LIA M...                       308679,37   -246943,37   -61736,00        0,00                0,19%   316150,22    12864,01        0,00                           0,14   329014,37
0238     835     RUIZ EDUARDO OSCAR                      2168771,38         0,00              2168771,38   62304,79     0,34%   547674,37    22284,62        0,00                           0,22  2801035,38
0239     837     BERMEJO GUILLERMO                        377276,39   -301821,39   -75455,00        0,00                0,24%   386405,83    15722,68        0,00                          -0,12   402128,39
0240     839     MIGUEL MARIA CO...                       188444,40   -150716,40   -37728,00        0,00                0,12%   193202,91     7861,34        0,00                          -0,85   201063,40
0241     936     DIMEO MARTINA PALA                       377275,41   -301820,41   -75455,00        0,00                0,24%   386405,83    15722,68        0,00                          -0,10   402128,41
0242     934     CYRULNIK SEBASTIAN - CORINA PICASSO      533174,42   -426540,00  -106634,42        0,00                0,34%   546077,66    22219,65        0,00                           0,11   568297,42
0243     932     GOYENECHEA VASA...                       416250,43   -333000,43   -83250,00        0,00                0,26%   426323,78    17346,92        0,00                          -0,27   443670,43
0244     931     LOPEZ BARREIRO ...                       415605,44   -333000,00   -83250,00     -644,56                0,26%   426323,78    17346,92        0,00                           0,30   443026,44
0245     933     JASKILIOFF TAMARA                        522262,45   -417810,45  -104452,00        0,00                0,33%   534900,63    21764,86        0,00                          -0,04   556665,45
0246     935     GALLO MARIANA                            394424,46   -315539,48   -78884,98        0,00                0,25%   403969,73    16437,34        0,00                           0,39   420407,46
0247     937     CAMPBELL MC LAR...                       205787,47   -164630,47   -41157,00        0,00                0,13%   210766,81     8576,01        0,00                          -0,35   219342,47
0248    1038     FORNARI GUILLERMO                        394424,48   -315539,48   -78885,00        0,00                0,25%   403969,73    16437,34        0,00                          -0,59   420406,48
0249    1036     BARILARI MARIA                           517585,49   -414068,49  -103517,00        0,00                0,33%   530110,47    21569,95        0,00                           0,07   551680,49
0250    1034     CARAFI MIGLIUCC...                       308680,50   -246944,50   -61736,00        0,00                0,19%   316150,22    12864,01        0,00                           0,27   329014,50
0251    1032     PEREZ ROVETTA S...                       410014,51   -328012,00   -82002,51        0,00                0,26%   419936,91    17087,04        0,00                          -0,44   437023,51
0252    1031     COHEN NORA IRENE                         392866,52   -314293,52   -78573,00        0,00                0,25%   402373,01    16372,37        0,00                          -0,86   418744,52
0253    1033     POTOCNIK ALEJANDRA                       291531,53   -233225,53   -58306,00        0,00                0,18%   298586,32    12149,34        0,00                          -0,13   310735,53
0254    1035     DIGILIO JUAN FACUNDO                     517585,54   -414068,54  -103517,00        0,00                0,33%   530110,47    21569,95        0,00                           0,12   551680,54
0255    1037     SCHAUFFELE SILVINA                       394424,55   -315539,55   -78885,00        0,00                0,25%   403969,73    16437,34        0,00                          -0,52   420406,55
Procesado por sistemas de WWW.IDATA.AR
Mis Expensas | Gobierno de la Ciudad | www.buenosaires.gob.ar 15
CODIGO INTERNO: 578-1-0055
U.F.   DEPTO.   PROPIETARIO                              S.ANTERIOR    PAGOS       BONIFIC.    DEUDA    INTERESES   PORC. A    GASTOS A    GASTOS B    GASTOS C    CUOTA EXT    PARTIC.   REDON    TOTAL
0256    1039     KOHR PATRICIA                            205787,56   -164630,56   -41157,00        0,00                0,13%   210766,81     8576,01        0,00                          -0,26   219342,56
0257    1136     PEDEMONTE MARCELO GUSTAVO                431840,57   -345472,57   -86368,00        0,00                0,27%   442290,97    17996,62        0,00                          -0,02   460287,57
0258    1132     SALLENT SERGIO                           442753,58   -354202,58   -88551,00        0,00                0,28%   453467,99    18451,41        0,00                           0,18   471919,58
0259    1134     SCUSCERIA GABRIEL                        410014,59   -328011,59   -82003,00        0,00                0,26%   419936,91    17087,04        0,00                          -0,36   437023,59
0260    1133     GAYOL DE HERRERA M                       411512,60   -329200,00   -82315,00       -2,40                0,26%   421533,63    17152,01        0,00                          -0,64   438682,60
0261    1131     DE ALMEIDA BENJ...                       442753,61   -354202,61   -88551,00        0,00                0,28%   453467,99    18451,41        0,00                          -0,79   471918,61
0262    1135     REYANRD MABEL                            433399,62   -346719,62   -86680,00        0,00                0,27%   443887,68    18061,59        0,00                           0,35   461949,62
0263     135     CAMPBELL VALERIA                         433399,63   -349719,63   -86680,00    -3000,00                0,27%   443887,68    18061,59        0,00                           0,36   458949,63
0264     131     ASENJO IRENE SUSAN                       442752,64   -354201,64   -88551,00        0,00                0,28%   453467,99    18451,41        0,00                           0,24   471919,64
0265     133     ATMADJIAN ELISA                          344741,65   -344741,65   -85745,00   -85745,00                0,27%   439097,53    17866,68        0,00                          -0,56   371218,65
0266     134     VALENTE MARIO ALEJANDRO                  411573,66         0,00               411573,66   12347,21     0,26%   421533,63    17152,01        0,00                           0,15   862606,66
0267     132     DE LORENZI MARIA P                       444312,67   -355450,67   -88862,00        0,00                0,28%   455064,71    18516,38        0,00                           0,58   473581,67
0268     136     LASALA HECTOR                            448988,68   -359198,68   -89798,00       -8,00                0,28%   459854,87    18711,29        0,00                           0,52   478558,68
0269     238     RIVERO MARIA                             317162,69   -238277,69   -78885,00        0,00                0,25%   403969,73    16437,34        0,00                          -0,38   420406,69
0270     236     HORGAN FEDERICO                          517584,70   -414067,70  -103517,00        0,00                0,33%   530110,47    21569,95        0,00                           0,28   551680,70
0271     234     GARCIA TORRES J...                       308680,71   -246944,71   -61736,00        0,00                0,19%   316150,22    12864,01        0,00                          -0,52   329013,71
0272     232     ROSANA IUDCHAK                           410014,72   -329000,00   -82003,00     -988,28                0,26%   419936,91    17087,04        0,00                           0,05   436035,72
0273     231     LOUIT ANA BOTTINI                        410014,73   -328011,73   -82003,00        0,00                0,26%   419936,91    17087,04        0,00                          -0,22   437023,73
0274     233     REVELLO CHRISTIAN                        308680,74   -246944,74   -61736,00        0,00                0,19%   316150,22    12864,01        0,00                          -0,49   329013,74
0275     235     SCHINDLER CLAUD...                       517585,75   -414069,00  -103516,75        0,00                0,33%   530110,47    21569,95        0,00                          -0,67   551679,75
0276     237     URSSINO PABLO Y SEOANE M.CECILIA         400660,76   -320528,76   -80132,00        0,00                0,25%   410356,60    16697,22        0,00                          -0,06   427053,76
0277     239     DI BERNARDO MARIA                        188637,77         0,00               188637,77    5659,13     0,12%   193202,91     7861,34        0,00                          -0,38   395360,77
0278     336     VARESE JORGE PABLO                       394424,78   -315540,00   -78884,78        0,00                0,25%   403969,73    16437,34        0,00                          -0,29   420406,78
0279     334     GANDINI CAROLIN...                       522261,79   -417809,79  -104452,00        0,00                0,33%   534900,63    21764,86        0,00                           0,30   556665,79
0280     332     MICA CARLOS LEA...                       416250,80   -333000,80   -83250,00        0,00                0,26%   426323,78    17346,92        0,00                           0,10   443670,80
0281     331     ROSALEZ, PAMELA                          399101,81         0,00               399101,81   11973,05     0,25%   408759,88    16632,25        0,00                          -0,18   836466,81
0282     333     RUIZ VIVIANA                             516025,82   -412820,82  -103205,00        0,00                0,33%   528513,75    21504,98        0,00                           0,09   550018,82
0283     335     HALTENBERGER AN...                       394424,83   -315539,83   -78885,00        0,00                0,25%   403969,73    16437,34        0,00                          -0,24   420406,83
0284     337     GROTZ ANA LAURA                          188637,84   -150909,84   -37728,00        0,00                0,12%   193202,91     7861,34        0,00                           0,59   201064,84
0285     438     PRESAS SERGIO                            394424,85   -248039,85   -78885,00    67500,00                0,25%   403969,73    16437,34        0,00               -67500,00  -0,22   420406,85
0286     436     LAUTIERI MARIA ...                       517584,86   -414067,86  -103517,00        0,00                0,33%   530110,47    21569,95        0,00                          -0,56   551679,86
0287     434     RODRIGUEZ TORRES                         308679,87   -246943,87   -61736,00        0,00                0,19%   316150,22    12864,01        0,00                           0,64   329014,87
0288     432     VON KEISENBERG ...                       390024,88   -320000,00   -78573,00    -8548,12                0,25%   402373,01    16372,37        0,00                           0,62   410197,88
0289     431     BOUCAU CAROLA                            410013,89   -328010,89   -82003,00        0,00                0,26%   419936,91    17087,04        0,00                          -0,06   437023,89
0290     433     RAFFAELLI MARIA                          308680,90   -246944,90   -61736,00        0,00                0,19%   316150,22    12864,01        0,00                          -0,33   329013,90
0291     435     RODRIGUEZ MARIA                          517584,91   -414067,91  -103517,00        0,00                0,33%   530110,47    21569,95        0,00                           0,49   551680,91
0292     437     COTO SILVINA LAURA                       394424,92   -315539,92   -78885,00        0,00                0,25%   403969,73    16437,34        0,00                          -0,15   420406,92
0293     439     FORNARI GUILLERMO                        188637,93   -150909,93   -37728,00        0,00                0,12%   193202,91     7861,34        0,00                          -0,32   201063,93
0294     536     ANSAY MONICA                             394424,94   -315539,94   -78885,00        0,00                0,25%   403969,73    16437,34        0,00                          -0,13   420406,94
0295     534     DEARMAS, MARIA GRACIELA                  516025,95   -412820,95  -103205,00        0,00                0,33%   528513,75    21504,98        0,00                           0,22   550018,95
0296     532     HIGH PRESSUR VACU                        416250,96         0,00               416250,96   12487,53     0,26%   426323,78    17346,92        0,00                          -0,23   872408,96
0297     531     JASTREB LUIS                             455225,97   -364180,97   -91045,00        0,00                0,29%   466241,74    18971,16        0,00                           0,07   485212,97
0298     533     CAPPAGLI, PAULA                          514466,98   -411573,98  -102893,00        0,00                0,33%   526917,04    21440,01        0,00                          -0,07   548356,98
0299     535     PIETRA PAOLA LUCIA                       411572,99   -329257,99   -82315,00        0,00                0,26%   421533,63    17152,01        0,00                           0,35   438685,99
0300     537     CORTES FUNES FE...                       188637,00   -150909,00   -37728,00        0,00                0,12%   193202,91     7861,34        0,00                           0,75   201065,00
0301     634     BLAKE DE RODEWALD                        399102,01   -319282,01   -79820,00        0,00                0,25%   408759,88    16632,25        0,00                          -0,12   425392,01
0302     632     LESTRADE, EDUARDO G / GONZALEZ, MARTA    433399,02   -346719,02   -86680,00        0,00                0,27%   443887,68    18061,59        0,00                          -0,25   461949,02
0303     631     CANCIO MARIA JOSE                         93812,03    -93812,00   -86680,00   -86679,97                0,27%   443887,68    18061,59        0,00                          -0,27   375269,03
0304     633     DOLORES ADELINA LALOR MAGUIRE            399102,04   -319282,04   -79820,00        0,00                0,25%   408759,88    16632,25        0,00                          -0,09   425392,04
0305     746     JAIMES CESAR                             428723,05   -342978,05   -85745,00        0,00                0,27%   439097,53    17866,68        0,00                          -0,16   456964,05
0306     744     PROTA SILVERIO                           455225,06   -364180,06   -91045,00        0,00                0,29%   466241,74    18971,16        0,00                           0,16   485213,06
0307     742     ZARDAIN SANTIAGO                         417809,07   -334247,07   -83562,00        0,00                0,26%   427920,50    17411,89        0,00                           0,68   445333,07
Procesado por sistemas de WWW.IDATA.AR
Mis Expensas | Gobierno de la Ciudad | www.buenosaires.gob.ar 16
CODIGO INTERNO: 578-1-0055
U.F.   DEPTO.   PROPIETARIO                              S.ANTERIOR    PAGOS       BONIFIC.    DEUDA    INTERESES   PORC. A    GASTOS A    GASTOS B    GASTOS C    CUOTA EXT    PARTIC.   REDON    TOTAL
0308     741     LEDESMA AROCENA MA                       419369,08   -335495,08   -83874,00        0,00                0,26%   429517,22    17476,86        0,00                                  446994,08
0309     743     IRIBARREN MARTHA N                       455225,09   -364180,09   -91045,00        0,00                0,29%   466241,74    18971,16        0,00                           0,19   485213,09
0310     745     JORDAN CANO LUCILA                       428722,10   -342977,10   -85745,00        0,00                0,27%   439097,53    17866,68        0,00                          -0,11   456964,10
0311     747     LAZZARANO CARLOS                         188638,11   -150910,11   -37728,00        0,00                0,12%   193202,91     7861,34        0,00                          -0,14   201064,11
0312     848     ESPINOSA BUSCHI...                       445872,12   -356698,12   -89174,00        0,00                0,28%   456661,43    18581,35        0,00                          -0,66   475242,12
0313     846     MATTICOLI SANDRA                         455225,13   -364180,13   -91045,00        0,00                0,29%   466241,74    18971,16        0,00                           0,23   485213,13
0314     844     ALTOE MARIO ALB...                       308680,14   -246945,00   -61735,14        0,00                0,19%   316150,22    12864,01        0,00                          -0,09   329014,14
0315     842     HAYS JUAN MATEO                          408456,15   -320043,15   -81691,00     6722,00                0,26%   418340,19    17022,07        0,00                          -0,11   442084,15
0316     841     DESOUCHES FERNANDO                       408455,16         0,00               408455,16   12253,65     0,26%   418340,19    17022,07        0,00                           0,09   856071,16
0317     843     CARANCI MONICA                           291531,17   -233225,17   -58306,00        0,00                0,18%   298586,32    12149,34        0,00                           0,51   310736,17
0318     845     MIRANDA ANTONIO                          455225,18   -364180,18   -91045,00        0,00                0,29%   466241,74    18971,16        0,00                           0,28   485213,18
0319     847     GRISETTI ANDREA                          428723,19   -342978,19   -85745,00        0,00                0,27%   439097,53    17866,68        0,00                          -0,02   456964,19
0320     849     COHEN NORA IRENE                         191952,20   -154224,20   -37728,00        0,00                0,12%   193202,91     7861,34        0,00                          -0,05   201064,20
0321     946     FAZZI MARIA ALE...                       428723,21         0,00               428723,21   12861,70     0,27%   439097,53    17866,68        0,00                           0,09   898549,21
0322     944     GIUSTO ALEJANDRO                         455225,22   -364180,22   -91045,00        0,00                0,29%   466241,74    18971,16        0,00                           0,32   485213,22
0323     942     TASSO MARIA                              419368,23   -335494,23   -83874,00        0,00                0,26%   429517,22    17476,86        0,00                           0,15   446994,23
0324     941     ROEMHILD, JORGE A                        419369,24   -335495,24   -83874,00        0,00                0,26%   429517,22    17476,86        0,00                           0,16   446994,24
0325     943     ROVIRA SILVIA INES                       473933,25   -379146,25   -94787,00        0,00                0,30%   485402,36    19750,80        0,00                           0,09   505153,25
0326     945     FERNANDEZ ZARAGOZA, JUAN                2624908,26         0,00              2624908,26   73362,07     0,27%   437500,81    17801,71        0,00                          -0,59  3153572,26
0327     947     CARIDE MARIA                             205780,27   -164264,00                41516,27    1245,49     0,13%   210766,81     8576,01        0,00                          -0,31   262104,27
0328    1048     GRACEY BENNASAR, LINDA VICTORIA          428723,28   -342978,28   -85745,00        0,00                0,27%   439097,53    17866,68        0,00                           0,07   456964,28
0329    1046     MARCELO PERONA                           455225,29   -364181,00   -91044,29        0,00                0,29%   466241,74    18971,16        0,00                          -0,61   485212,29
0330    1044     BELLAVIGNA CARLOS                       1897602,30         0,00              1897602,30   53033,57     0,19%   316150,22    12864,01        0,00                           0,20  2279650,30
0331    1042     BELLAVIGNA CARLOS                       2510969,31         0,00              2510969,31   70175,75     0,26%   418340,19    17022,07        0,00                          -0,01  3016507,31
0332    1041     VITA SILVIA BEA...                       820511,32   -350000,32   -81691,00   388820,00                0,26%   418340,19    17022,07        0,00              -388820,00   0,06   435362,32
0333    1043     HERRERA CARLOS                           308680,33   -246944,33   -61736,00        0,00                0,19%   316150,22    12864,01        0,00                           0,10   329014,33
0334    1045     MIRANDA DANIELA                          456695,34   -365338,34   -91357,00        0,00                0,29%   467838,46    19036,13        0,00                          -0,25   486874,34
0335    1047     DANIEL BENNASAR PEREIRA                  428722,35   -342977,35   -85745,00        0,00                0,27%   439097,53    17866,68        0,00                           0,14   456964,35
0336    1049     SPINA JOAQUIN M...                       188637,36   -150909,36   -37728,00        0,00                0,12%   193202,91     7861,34        0,00                           0,11   201064,36
0337    1146     IBANEZ YAGO                              428722,37   -342977,37   -85745,00        0,00                0,27%   439097,53    17866,68        0,00                           0,16   456964,37
0338    1142     TAMBURRI SILVIA                          208904,38   -167123,38   -41781,00        0,00                0,13%   213960,25     8705,95        0,00                           0,18   222666,38
0339    1144     BAUER ELEONORA                           300643,39   -240467,00   -60176,39        0,00                0,19%   308166,63    12539,16        0,00                          -0,40   320705,39
0340    1143     BO MARIA LUISA                           294649,40   -235720,00   -58929,40        0,00                0,18%   301779,76    12279,28        0,00                           0,36   314059,40
0341    1141     LOVEGROVE GABRIELA                       226054,41   -180843,41   -45211,00        0,00                0,14%   231524,15     9420,61        0,00                          -0,35   240944,41
0342    1145     HALOUA JOSE ROGER                        408456,42   -326765,42   -81691,00        0,00                0,26%   418340,19    17022,07        0,00                          -0,84   435361,42
0343     145     ETCHART CAROLA                           408456,43   -326765,43   -81691,00        0,00                0,26%   418340,19    17022,07        0,00                          -0,83   435361,43
0344     141     BALBO ANA CAROL...                       226053,44   -180842,44   -45211,00        0,00                0,14%   231524,15     9420,61        0,00                          -0,32   240944,44
0345     143     ESTANISLAO PEÑA                          298953,45   -240023,45   -58930,00        0,00                0,18%   301779,76    12279,28        0,00                           0,41   314059,45
0346     144     VAZQUEZ VANESA                           277500,46   -220000,46   -55500,00     2000,00                0,17%   284215,86    11564,61        0,00                          -0,01   297780,46
0347     142     FRERE GERMAN                             226053,47   -180842,47   -45211,00        0,00                0,14%   231524,15     9420,61        0,00                          -0,29   240944,47
0348     146     VIDESUR SA IVID...                       423952,48   -424000,00                  -47,52                0,27%   434307,37    17671,77        0,00                          -0,14   451931,48
0349     248     CANILLAS PATRICIO                        427163,49   -334701,49   -85433,00     7029,00                0,27%   437500,81    17801,71        0,00                          -0,03   462331,49
0350     246     FERNANDEZ / CAR...                       455225,50   -364180,50   -91045,00        0,00                0,29%   466241,74    18971,16        0,00                           0,60   485213,50
0351     244     FOX RICARDO JAIME                        585632,51         0,00               585632,51   17311,99     0,18%   298586,32    12149,34        0,00                          -0,65   913679,51
0352     242     HOLZE MARTIN                             407742,52   -326054,00   -81691,00       -2,48                0,26%   418340,19    17022,07        0,00                          -0,26   435359,52
0353     241     ROQUE LEANDRO                            408455,53   -326764,53   -81691,00        0,00                0,26%   418340,19    17022,07        0,00                           0,27   435362,53
0354     243     TRAUTMANN KARIN...                      3207373,54         0,00              3207373,54   93688,37     0,19%   316150,22    12864,01        0,00                           0,40  3630076,54
0355     245     BORZANI GABRIEL                          455225,55   -364180,55   -91045,00        0,00                0,29%   466241,74    18971,16        0,00                          -0,35   485212,55
0356     247     ROSAS MARIA JOS...                       445871,56   -349360,00   -89174,00     7337,56                0,28%   456661,43    18581,35        0,00                           0,22   482580,56
0357     249     SCUSCERIA GABRIEL CARLOS                 204227,57   -163381,57   -40846,00        0,00                0,13%   209170,10     8511,04        0,00                           0,43   217681,57
0358     346     SCHINDLER FEDERICO                       428645,58   -343000,00   -85745,00      -99,42                0,27%   439097,53    17866,68        0,00                           0,79   456865,58
0359     344     FERNANDEZ ORGNVIDE                       455224,59   -364179,59   -91045,00        0,00                0,29%   466241,74    18971,16        0,00                           0,69   485213,59
Procesado por sistemas de WWW.IDATA.AR
Mis Expensas | Gobierno de la Ciudad | www.buenosaires.gob.ar 17
CODIGO INTERNO: 578-1-0055
U.F.   DEPTO.   PROPIETARIO                              S.ANTERIOR    PAGOS       BONIFIC.    DEUDA    INTERESES   PORC. A    GASTOS A    GASTOS B    GASTOS C    CUOTA EXT    PARTIC.   REDON    TOTAL
0360     342     DIGILIO OSCAR                            419368,60   -335494,60   -83874,00        0,00                0,26%   429517,22    17476,86        0,00                          -0,48   446993,60
0361     341     LAUTIERI LUCIANO                         419368,61   -335494,61   -83874,00        0,00                0,26%   429517,22    17476,86        0,00                           0,53   446994,61
0362     343     VERDE JOSE Y SRA                         461460,62   -369168,62   -92292,00        0,00                0,29%   472628,61    19231,04        0,00                          -0,03   491859,62
0363     345     HEIZENREDER CEC...                       428721,63   -342976,63   -85745,00        0,00                0,27%   439097,53    17866,68        0,00                           0,42   456964,63
0364     347     RANCANO ALBERTO                          204228,64   -163382,64   -40846,00        0,00                0,13%   209170,10     8511,04        0,00                          -0,50   217680,64
0365     448     DAMONTE JUAN PABLO                       428721,65   -428721,65                    0,00                0,27%   439097,53    17866,68        0,00                           0,44   456964,65
0366     446     CRESTA MARIA MO...                       455225,66   -364180,66   -91045,00        0,00                0,29%   466241,74    18971,16        0,00                          -0,24   485212,66
0367     444     OLMOS CANO MATIAS                        308680,67   -246944,67   -61736,00        0,00                0,19%   316150,22    12864,01        0,00                          -0,56   329013,67
0368     442     RATTO MARTIN / ...                       408455,68   -326764,68   -81691,00        0,00                0,26%   418340,19    17022,07        0,00                           0,42   435362,68
0369     441     RATTO MARTIN / ...                       414691,69   -331753,69   -82938,00        0,00                0,26%   424727,07    17281,95        0,00                          -0,33   442008,69
0370     443     MARIN PATRICIA                           308679,70   -246943,70   -61736,00        0,00                0,19%   316150,22    12864,01        0,00                           0,47   329014,70
0371     445     KALPAKIAN ANDRES                         477622,71   -477622,71                    0,00                0,30%   490192,52    19945,71        0,00                          -0,52   510137,71
0372     447     CAMPAGNOLLE ALDO                        1738117,72         0,00              1738117,72   49933,74     0,27%   439097,53    17866,68        0,00                           0,05  2245015,72
0373     449     KOHR LORENA                              188637,73   -150909,73   -37728,00        0,00                0,12%   193202,91     7861,34        0,00                           0,48   201064,73
0374     546     DIAZ PABLO ESTEBAN                       433399,74   -346719,74   -86680,00        0,00                0,27%   443887,68    18061,59        0,00                           0,47   461949,74
0375     544     FORTI ISABEL NORA                        455225,75   -364180,75   -91045,00        0,00                0,29%   466241,74    18971,16        0,00                          -0,15   485212,75
0376     542     SCHMIDT GERMAN                           419368,76         0,00               419368,76   12581,06     0,26%   429517,22    17476,86        0,00                          -0,14   878943,76
0377     541     HINSCH MANFRED                           419368,77   -335494,77   -83874,00        0,00                0,26%   429517,22    17476,86        0,00                          -0,31   446993,77
0378     543     ROTH, LILIAN MARÍA                       438076,78         0,00               438076,78   13142,30     0,28%   448677,84    18256,50        0,00                          -0,64   918152,78
0379     545     HILDING OHLSSON; ASTRID                  428722,79   -342977,79   -85745,00        0,00                0,27%   439097,53    17866,68        0,00                          -0,42   456963,79
0380     547     GARCIA ANDREA                            188637,80   -188637,80   -37728,00   -37728,00                0,12%   193202,91     7861,34        0,00                           0,55   163336,80
0381     644     GARCIA YUBRO SYLVI                       395983,81   -316787,00   -79196,81        0,00                0,25%   405566,45    16502,31        0,00                           0,05   422068,81
0382     642     DOHLE, ELIZABETH EDITH                   425604,82   -340483,82   -85121,00        0,00                0,27%   435904,09    17736,74        0,00                          -0,01   453640,82
0383     641     SFERCO EDUARDO                           425496,83   -340500,00   -85121,00     -124,17                0,27%   435904,09    17736,74        0,00                           0,17   453516,83
0384     643     LOPEZ HECTOR EDUAR                       395982,84   -316785,84   -79197,00        0,00                0,25%   405566,45    16502,31        0,00                           0,08   422068,84
1033             GUILLEMO BRUGIAVINI                           0,00         0,00                    0,00                0,00%        0,00        0,00        0,00                                       0,00